4.26954970987071
4.26954970987172
4.26912006863483
4.26900079943093
4.26850126670313
4.26832310694609
4.26778455071075
4.26756348160509
4.26700025449968
4.26674378157989
4.26616479249427
4.26587723411584
4.26528868426216
4.26497290214197
4.26437932229027
4.26403747513095
4.26344221931065
4.26307614037517
4.26248166461965
4.26209306140526
4.26150110675295
4.26109166398138
4.26050339328524
4.26007481857165
4.25949092904393
4.25904496325498
4.25846578437934
4.25800419053318
4.25742977115602
4.25695431134183
4.25638449700828
4.25589690408789
4.25533140453132
4.25483335345166
4.25427179984812
4.25376488187295
4.25320687362946
4.25269257554985
4.25213771676261
4.25161740611894
4.25106533225962
4.25054024879344
4.24999064456145
4.24946189750746
4.24891450706909
4.2483830774877
4.24783770848506
4.24730445560476
4.24676097836033
4.24622664881882
4.24568499209935
4.24515023100984
4.24461037557294
4.2440757384619
4.24353770941732
4.2430036742486
4.2424675330517
4.24193451174037
4.24140034842078
4.24086869742567
4.24033662345699
4.23980665320764
4.23927679525518
4.23874877830723
4.23822127295636
4.23769545087581
4.23717044034382
4.236647029395
4.23612465816151
4.23560385392025
4.23508426617121
4.23456624720774
4.23404958496927
4.23353451575082
4.23302091758649
4.23250895074313
4.23199855089574
4.23148982897853
4.23098275685144
4.23047741369423
4.22997379358363
4.22947195536072
4.2289719063671
4.22847369242094
4.22797732848382
4.2274828519808
4.22699028199419
4.22649965045277
4.22601097843036
4.22552429415468
4.22503961942273
4.22455697986605
4.22407639726867
4.22359789534431
4.22312149545125
4.2226472198035
4.22217508911398
4.2217051243582
4.2212373454971
4.22077177243514
4.22030842433939
4.21984732015511
4.21938847824954
4.21893191668758
4.21847765304988
4.21802570458016
4.21757608809538
4.21712882006521
4.21668391657012
4.21624139334529
4.21580126576324
4.2153635488593
4.21492825732639
4.21449540553101
4.21406500751393
4.2136370770012
4.21321162740761
4.21278867184498
4.21236822312684
4.21195029377524
4.21153489602577
4.21112204183353
4.21071174287816
4.21030401056921
4.20989885605106
4.20949629020783
4.2090963236681
4.20869896680949
4.20830422976313
4.20791212241799
4.20752265442505
4.20713583520141
4.20675167393427
4.20637017958475
4.20599136089166
4.20561522637513
4.20524178434019
4.20487104288017
4.20450300988009
4.20413769301994
4.20377509977779
4.20341523743296
4.203058113069
4.20270373357662
4.20235210565657
4.20200323582239
4.20165713040319
4.2013137955462
4.20097323721946
4.20063546121422
4.2003004731475
4.19996827846441
4.1996388824405
4.19931229018407
4.19898850663834
4.19866753658365
4.19834938463958
4.198034055267
4.19772155277009
4.19741188129834
4.19710504484842
4.19680104726612
4.19649989224815
4.19620158334394
4.19590612395742
4.1956135173487
4.19532376663578
4.19503687479617
4.19475284466851
4.1944716789541
4.1941933802185
4.19391795089298
4.19364539327601
4.19337570953468
4.19310890170614
4.19284497169894
4.19258392129442
4.19232575214799
4.19207046579045
4.19181806362924
4.19156854694969
4.19132191691624
4.19107817457363
4.19083732084805
4.19059935654831
4.19036428236692
4.19013209888124
4.18990280655454
4.18967640573701
4.18945289666688
4.18923227947137
4.18901455416769
4.18879972066407
4.18858777876065
4.18837872815047
4.18817256842038
4.18796929905194
4.1877689194223
4.1875714288051
4.18737682637131
4.18718511119006
4.1869962822295
4.18681033835759
4.18662727834287
4.18644710085531
4.18626980446701
4.18609538765299
4.18592384879195
4.18575518616696
4.18558939796619
4.18542648228363
4.18526643711978
4.18510926038229
4.1849549498867
4.18480350335705
4.18465491842652
4.18450919263811
4.18436632344524
4.18422630821235
4.18408914421555
4.18395482864317
4.18382335859638
4.18369473108975
4.18356894305183
4.1834459913257
4.18332587266952
4.1832085837571
4.18309412117838
4.18298248144001
4.18287366096584
4.18276765609744
4.18266446309457
4.18256407813575
4.18246649731865
4.18237171666066
4.18227973209931
4.18219053949275
4.1821041346202
4.18202051318243
4.18193967080218
4.18186160302462
4.18178630531778
4.18171377307295
4.18164400160514
4.18157698615348
4.18151272188165
4.18145120387824
4.18139242715719
4.18133638665817
4.18128307724699
4.18123249371594
4.18118463078421
4.18113948309824
4.18109704523211
4.18105731168788
4.18102027689596
4.1809859352155
4.18095428093466
4.18092530827105
4.180899011372
4.18087538431494
4.18085442110772
4.18083611568893
4.18082046192825
4.18080745362674
4.18079708451721
4.18078934826447
4.18078423846568
4.18078174865067
4.18078187228219
4.18078460275629
4.18078993340253
4.18079785748434
4.18080836819929
4.18082145867935
4.18083712199124
4.18085535113663
4.18087613905248
4.1808994786113
4.1809253626214
4.18095378382719
4.18098473490943
4.1810182084855
4.18105419710966
4.18109269327331
4.18113368940524
4.1811771778719
4.18122315097765
4.18127160096497
4.18132252001476
4.18137590024657
4.18143173371882
4.18149001242905
4.18155072831417
4.1816138732507
4.18167943905498
4.18174741748341
4.18181780023269
4.18189057894004
4.18196574518342
4.18204329048177
4.18212320629521
4.18220548402528
4.18229011501516
4.18237709054985
4.18246640185644
4.18255804010428
4.1826519964052
4.18274826181373
4.18284682732732
4.18294768388651
4.18305082237517
4.18315623362068
4.18326390839414
4.18337383741058
4.18348601132915
4.18360042075331
4.18371705623106
4.18383590825508
4.18395696726298
4.18408022363745
4.18420566770648
4.18433328974354
4.18446307996777
4.18459502854415
4.18472912558371
4.18486536114373
4.18500372522788
4.18514420778642
4.18528679871641
4.18543148786186
4.18557826501391
4.18572711991103
4.18587804223919
4.18603102163203
4.18618604767104
4.18634310988572
4.18650219775381
4.18666330070139
4.18682640810311
4.18699150928231
4.18715859351125
4.18732765001124
4.18749866795281
4.18767163645591
4.18784654459004
4.18802338137443
4.18820213577824
4.18838279672067
4.18856535307116
4.18874979364953
4.1889361072262
4.18912428252228
4.18931430820978
4.18950617291175
4.18969986520245
4.18989537360753
4.19009268660414
4.19029179262114
4.19049268003924
4.19069533719115
4.19089975236176
4.19110591378826
4.19131380966034
4.19152342812032
4.19173475726332
4.19194778513742
4.19216249974377
4.19237888903681
4.19259694092439
4.19281664326792
4.19303798388253
4.19326095053725
4.19348553095511
4.19371171281332
4.19393948374345
4.19416883133154
4.19439974311826
4.19463220659907
4.19486620922437
4.19510173839966
4.19533878148567
4.19557732579851
4.19581735860985
4.19605886714704
4.19630183859326
4.19654626008768
4.19679211872562
4.19703940155866
4.19728809559485
4.19753818779877
4.19778966509178
4.19804251435207
4.1982967224149
4.19855227607267
4.1988091620751
4.19906736712939
4.19932687790035
4.19958768101053
4.19984976304041
4.20011311052851
4.20037770997155
4.2006435478246
4.20091061050121
4.20117888437358
4.20144835577268
4.20171901098842
4.20199083626978
4.20226381782495
4.2025379418215
4.20281319438651
4.2030895616067
4.2033670295286
4.20364558415871
4.20392521146359
4.20420589737004
4.20448762776527
4.20477038849699
4.20505416537359
4.20533894416428
4.20562471059925
4.20591145036976
4.20619914912836
4.20648779248897
4.20677736602709
4.20706785527987
4.20735924574632
4.20765152288741
4.20794467212624
4.2082386788482
4.20853352840107
4.2088292060952
4.20912569720363
4.20942298696229
4.20972106057006
4.21001990318899
4.21031949994441
4.21061983592508
4.21092089618335
4.21122266573528
4.21152512956081
4.21182827260389
4.21213207977264
4.21243653593948
4.21274162594129
4.21304733457956
4.2133536466205
4.21366054679525
4.21396801979996
4.21427605029599
4.21458462291001
4.2148937222342
4.21520333282635
4.21551343921002
4.21582402587471
4.21613507727598
4.21644657783561
4.21675851194174
4.21707086394903
4.21738361817881
4.2176967589192
4.2180102704253
4.21832413691928
4.21863834259061
4.21895287159613
4.21926770806025
4.21958283607508
4.21989823970057
4.22021390296468
4.22052980986351
4.22084594436147
4.22116229039142
4.22147883185481
4.22179555262185
4.22211243653163
4.22242946739232
4.22274662898126
4.22306390504517
4.22338127930026
4.22369873543239
4.22401625709724
4.22433382792043
4.22465143149771
4.22496905139507
4.22528667114893
4.22560427426628
4.22592184422481
4.22623936447311
4.22655681843076
4.22687418948854
4.22719146100857
4.22750861632444
4.22782563874138
4.22814251153642
4.22845921795854
4.22877574122882
4.2290920645406
4.22940817105961
4.22972404392419
4.23003966624537
4.23035502110706
4.23067009156622
4.23098486065299
4.23129931137086
4.23161342669683
4.23192718958155
4.23224058294948
4.23255358969908
4.23286619270292
4.23317837480786
4.23349011883523
4.23380140758093
4.23411222381565
4.23442255028499
4.23473236970965
4.23504166478554
4.235350418184
4.23565861255191
4.23596623051187
4.23627325466238
4.23657966757794
4.23688545180928
4.23719058988349
4.23749506430417
4.23779885755162
4.23810195208295
4.23840433033231
4.238705974711
4.23900686760766
4.23930699138843
4.23960632839707
4.2399048609552
4.2402025713624
4.24049944189639
4.24079545481322
4.2410905923474
4.24138483671206
4.24167817009917
4.24197057467962
4.24226203260347
4.24255252600007
4.2428420369782
4.2431305476263
4.2434180400126
4.24370449618527
4.24398989817263
4.24427422798327
4.24455746760625
4.24483959901126
4.24512060414879
4.24540046495027
4.24567916332829
4.2459566811767
4.24623300037085
4.24650810276771
4.24678197020605
4.24705458450664
4.24732592747236
4.24759598088843
4.24786472652252
4.24813214612499
4.248398221429
4.24866293415071
4.24892626598945
4.24918819862789
4.24944871373218
4.2497077929522
4.24996541792163
4.25022157025822
4.25047623156388
4.2507293834249
4.25098100741214
4.25123108508113
4.25147959797233
4.25172652761124
4.25197185550861
4.25221556316059
4.25245763204893
4.25269804364113
4.25293677939062
4.25317382073697
4.25340914910602
4.25364274591006
4.25387459254803
4.2541046704057
4.25433296085582
4.25455944525829
4.2547841049604
4.25500692129691
4.25522787559033
4.25544694915102
4.2556641232774
4.25587937925613
4.25609269836229
4.25630406185953
4.2565134510003
4.25672084702599
4.2569262311671
4.25712958464347
4.25733088866442
4.25753012442893
4.25772727312585
4.25792231593403
4.25811523402258
4.25830600855096
4.25849462066923
4.25868105151819
4.25886528222961
4.25904729392634
4.25922706772257
4.25940458472394
4.2595798260278
4.25975277272333
4.25992340589174
4.26009170660648
4.26025765593337
4.26042123493086
4.26058242465015
4.26074120613538
4.26089756042387
4.26105146854622
4.26120291152658
4.26135187038279
4.26149832612655
4.26164225976365
4.26178365229413
4.26192248471246
4.26205873800776
4.26219239316394
4.26232343115993
4.26245183296985
4.26257757956317
4.26270065190495
4.26282103095599
4.26293869767305
4.26305363300898
4.26316581791299
4.26327523333077
4.26338186020471
4.26348567947408
4.26358667207524
4.26368481894179
4.26378010100481
4.26387249919301
4.26396199443292
4.26404856764911
4.26413219976437
4.26421287169989
4.26429056437545
4.26436525870963
4.26443693561998
4.26450557602323
4.26457116083546
4.26463367097233
4.26469308734923
4.26474939088149
4.26480256248458
4.26485258307431
4.26489943356697
4.26494309487962
4.26498354793017
4.26502077363767
4.26505475292245
4.26508546670632
4.26511289591279
4.26513702146725
4.26515782429713
4.26517528533216
4.26518938550453
4.26520010574906
4.26520742700346
4.26521133020846
4.26521179630805
4.26520880624964
4.26520234098432
4.26519238146695
4.26517890865648
4.26516190351605
4.26514134701324
4.26511722012023
4.26508950381403
4.26505817907668
4.2650232268954
4.26498462826284
4.26494236417726
4.26489641564272
4.26484676366928
4.26479338927321
4.26473627347718
4.26467539731045
4.26461074180909
4.26454228801617
4.26447001698194
4.26439390976406
4.26431394742779
4.26423011104617
4.26414238170025
4.26405074047926
4.26395516848083
4.26385564681121
4.26375215658541
4.26364467892744
4.26353319497054
4.26341768585731
4.26329813273997
4.26317451678054
4.26304681915103
4.26291502103365
4.26277910362104
4.26263904811641
4.26249483573381
4.26234644769827
4.26219386524606
4.26203706962483
4.26187604209389
4.26171076392433
4.26154121639926
4.26136738081406
4.26118923847647
4.26100677070691
4.26081995883861
4.26062878421784
4.26043322820411
4.26023327217036
4.26002889750319
4.25982008560305
4.25960681788442
4.25938907577606
4.25916684072117
4.25894009417764
4.25870881761821
4.25847299253069
4.25823260041816
4.25798762279921
4.2577380412081
4.25748383719495
4.25722499232603
4.25696148818386
4.2566933063675
4.25642042849269
4.25614283619209
4.25586051111551
4.25557343493004
4.25528158932032
4.25498495598872
4.25468351665556
4.2543772530593
4.25406614695674
4.25375018012324
4.25342933435294
4.25310359145893
4.25277293327346
4.25243734164821
4.25209679845438
4.251751285583
4.2514007849451
4.25104527847189
4.25068474811501
4.25031917584671
4.24994854366005
4.24957283356913
4.24919202760928
4.24880610783727
4.24841505633151
4.24801885519229
4.24761748654192
4.24721093252501
4.24679917530863
4.24638219708251
4.2459599800593
4.24553250647473
4.2450997585878
4.24466171868107
4.24421836906077
4.24376969205706
4.24331567002422
4.24285628534089
4.24239152041021
4.24192135766009
4.24144577954339
4.24096476853812
4.24047830714767
4.23998637790098
4.2394889633528
4.23898604608384
4.23847760870102
4.23796363383765
4.23744410415363
4.23691900233572
4.23638831109766
4.23585201318042
4.23531009135242
4.2347625284097
4.23420930717617
4.23365041050376
4.23308582127269
4.23251552239164
4.23193949679794
4.23135772745782
4.2307701973666
4.23017688954886
4.22957778705872
4.22897287297996
4.22836213042631
4.22774554254159
4.22712309249995
4.22649476350607
4.22586053879537
4.22522040163419
4.22457433532004
4.22392232318178
4.2232643485798
4.22260039490628
4.22193044558536
4.22125448407337
4.22057249385899
4.2198844584635
4.21919036144099
4.2184901863785
4.21778391689632
4.2170715366481
4.21635302932115
4.21562837863655
4.21489756834942
4.2141605822491
4.21341740415938
4.21266801793864
4.21191240748014
4.21115055671216
4.21038244959823
4.20960807013732
4.20882740236407
4.20804043034897
4.20724713819857
4.20644751005568
4.20564153009958
4.20482918254623
4.20401045164844
4.20318532169611
4.20235377701642
4.20151580197404
4.20067138097129
4.19982049844842
4.19896313888372
4.19809928679382
4.1972289267338
4.19635204329744
4.19546862111744
4.19457864486556
4.19368209925288
4.19277896902997
4.19186923898709
4.19095289395441
4.19002991880218
4.18910029844098
4.18816401782185
4.18722106193655
4.18627141581774
4.18531506453916
4.18435199321585
4.18338218700435
4.1824056311029
4.1814223107516
4.18043221123267
4.1794353178706
4.17843161603237
4.17742109112765
4.17640372860897
4.17537951397194
4.17434843275545
4.17331047054186
4.17226561295718
4.17121384567131
4.17015515439816
4.16908952489594
4.16801694296726
4.16693739445942
4.16585086526451
4.16475734131968
4.16365680860729
4.16254925315513
4.16143466103657
4.16031301837083
4.15918431132308
4.15804852610472
4.15690564897349
4.15575566623373
4.15459856423653
4.15343432937995
4.15226294810919
4.15108440691677
4.14989869234275
4.14870579097491
4.14750568944892
4.14629837444856
4.14508383270589
4.14386205100142
4.14263301616435
4.14139671507271
4.14015313465357
4.1389022618832
4.13764408378731
4.13637858744118
4.13510575996987
4.13382558854842
4.13253806040199
4.1312431628061
4.12994088308678
4.12863120862074
4.12731412683561
4.12598962521005
4.124657691274
4.1233183126088
4.12197147684742
4.12061717167463
4.11925538482714
4.11788610409386
4.11650931731599
4.11512501238726
4.1137331772541
4.11233379991578
4.11092686842464
4.10951237088624
4.10809029545953
4.10666063035704
4.10522336384505
4.10377848424377
4.1023259799275
4.10086583932484
4.0993980509188
4.09792260324704
4.096439484902
4.09494868453111
4.09345019083689
4.0919439925772
4.09043007856539
4.08890843767041
4.08737905881707
4.08584193098615
4.08429704321457
4.08274438459557
4.08118394427891
4.07961571147095
4.07803967543491
4.07645582549096
4.07486415101644
4.07326464144599
4.07165728627171
4.07004207504334
4.06841899736844
4.06678804291249
4.0651492013991
4.06350246261016
4.061847816386
4.06018525262552
4.05851476128638
4.05683633238517
4.0551499559975
4.05345562225823
4.05175332136157
4.05004304356127
4.04832477917075
4.04659851856327
4.04486425217206
4.04312197049048
4.04137166407218
4.03961332353125
4.03784693954235
4.03607250284085
4.03429000422301
4.03249943454612
4.03070078472862
4.02889404575025
4.02707920865222
4.02525626453732
4.02342520457009
4.02158601997692
4.01973870204625
4.01788324212864
4.01601963163697
4.01414786204654
4.01226792489522
4.01037981178356
4.00848351437497
4.00657902439582
4.00466633363559
4.00274543394697
4.00081631724604
3.99887897551236
3.99693340078909
3.99497958518319
3.99301752086544
3.99104720007065
3.98906861509775
3.98708175830993
3.98508662213471
3.98308319906416
3.9810714816549
3.97905146252833
3.97702313437068
3.97498648993314
3.97294152203198
3.97088822354868
3.96882658743003
3.96675660668821
3.96467827440098
3.9625915837117
3.9604965278295
3.95839310002939
3.9562812936523
3.95416110210526
3.95203251886148
3.94989553746042
3.94775015150794
3.94559635467638
3.94343414070465
3.94126350339832
3.93908443662975
3.93689693433818
3.93470099052977
3.93249659927776
3.93028375472252
3.92806245107167
3.92583268260014
3.92359444365025
3.92134772863183
3.91909253202229
3.91682884836669
3.91455667227783
3.91227599843632
3.90998682159069
3.90768913655742
3.90538293822105
3.90306822153423
3.90074498151783
3.89841321326095
3.89607291192105
3.89372407272397
3.89136669096403
3.88900076200406
3.8866262812755
3.88424324427843
3.88185164658166
3.87945148382274
3.87704275170806
3.87462544601289
3.87219956258141
3.86976509732681
3.86732204623129
3.86487040534611
3.86241017079169
3.85994133875757
3.85746390550253
3.85497786735457
3.85248322071097
3.84997996203835
3.84746808787266
3.84494759481924
3.84241847955283
3.83988073881763
3.8373343694273
3.83477936826496
3.83221573228329
3.82964345850447
3.82706254402023
3.82447298599187
3.82187478165025
3.81926792829586
3.81665242329874
3.81402826409857
3.81139544820461
3.80875397319575
3.80610383672048
3.80344503649692
3.80077757031277
3.79810143602534
3.79541663156153
3.79272315491782
3.79002100416024
3.78731017742439
3.78459067291537
3.78186248890782
3.77912562374584
3.776380075843
3.77362584368229
3.7708629258161
3.7680913208662
3.76531102752366
3.76252204454886
3.75972437077142
3.75691800509016
3.75410294647306
3.75127919395719
3.74844674664868
3.74560560372267
3.74275576442322
3.73989722806327
3.73702999402458
3.73415406175764
3.73126943078162
3.7283761006843
3.72547407112197
3.72256334181939
3.71964391256965
3.71671578323415
3.71377895374245
3.71083342409222
3.70787919434916
3.70491626464681
3.70194463518658
3.69896430623753
3.69597527813634
3.69297755128714
3.68997112616143
3.68695600329797
3.68393218330263
3.68089966684827
3.67785845467462
3.67480854758814
3.6717499464619
3.66868265223541
3.6656066659145
3.66252198857117
3.65942862134343
3.65632656543513
3.65321582211584
3.65009639272066
3.64696827865005
3.64383148136968
3.64068600241023
3.63753184336721
3.63436900590081
3.63119749173568
3.62801730266074
3.62482844052901
3.62163090725736
3.61842470482637
3.61520983528006
3.61198630072571
3.60875410333362
3.60551324533691
3.6022637290313
3.59900555677481
3.59573873098761
3.59246325415172
3.5891791288108
3.58588635756985
3.582584943095
3.57927488811324
3.57595619541211
3.5726288678395
3.5692929083033
3.56594831977118
3.56259510527024
3.55923326788677
3.55586281076593
3.55248373711143
3.54909605018526
3.54569975330733
3.54229484985518
3.53888134326362
3.53545923702446
3.53202853468609
3.52858923985319
3.52514135618638
3.52168488740182
3.51821983727089
3.51474620961981
3.51126400832925
3.50777323733396
3.50427390062239
3.50076600223625
3.4972495462702
3.49372453687132
3.49019097823881
3.4866488746235
3.48309823032742
3.47953904970341
3.47597133715464
3.47239509713415
3.46881033414443
3.46521705273695
3.46161525751164
3.45800495311646
3.4543861442469
3.45075883564548
3.44712303210124
3.44347873844924
3.43982595957003
3.43616470038915
3.43249496587656
3.4288167610461
3.42513009095497
3.42143496070313
3.41773137543276
3.41401934032766
3.41029886061268
3.4065699415531
3.40283258845407
3.39908680665993
3.39533260155366
3.39156997855619
3.38779894312577
3.38401950075734
3.38023165698185
3.37643541736557
3.37263078750947
3.36881777304844
3.36499637965067
3.36116661301687
3.3573284788796
3.3534819830025
3.34962713117956
3.34576392923435
3.34189238301929
3.33801249841481
3.33412428132861
3.33022773769485
3.32632287347333
3.32240969464863
3.31848820722934
3.31455841724717
3.31062033075608
3.30667395383143
3.30271929256908
3.29875635308449
3.29478514151181
3.29080566400293
3.2868179267266
3.28282193586741
3.27881769762485
3.27480521821234
3.27078450385622
3.26675556079472
3.262718395277
3.25867301356203
3.2546194219176
3.2505576266192
3.24648763394897
3.2424094501946
3.2383230816482
3.23422853460514
3.23012581536297
3.22601493022019
3.2218958854751
3.21776868742459
3.21363334236295
3.20948985658058
3.20533823636278
3.2011784879885
3.19701061772899
3.19283463184655
3.18865053659316
3.18445833820919
3.18025804292197
3.17604965694446
3.17183318647384
3.16760863769005
3.16337601675437
3.15913532980799
3.15488658297045
3.15062978233819
3.146364933983
3.14209204395048
3.13781111825845
3.13352216289535
3.12922518381866
3.1249201869532
3.12060717818951
3.11628616338212
3.11195714834789
3.1076201388642
3.10327514066724
3.09892215945017
3.09456120086136
3.09019227050249
3.08581537392671
3.08143051663673
3.0770377040829
3.07263694166126
3.06822823471153
3.06381158851512
3.05938700829309
3.05495449920408
3.05051406634216
3.04606571473476
3.04160944934049
3.03714527504689
3.03267319666828
3.02819321894342
3.02370534653326
3.01920958401861
3.01470593589774
3.010194406584
3.00567500040338
3.00114772159205
2.99661257429382
2.9920695625576
2.98751869033481
2.98295996147679
2.97839337973207
2.9738189487437
2.96923667204651
2.96464655306431
2.96004859510702
2.95544280136786
2.95082917492039
2.94620771871554
2.94157843557863
2.93694132820627
2.93229639916331
2.92764365087964
2.92298308564701
2.91831470561578
2.9136385127916
2.90895450903212
2.90426269604347
2.89956307537693
2.89485564842531
2.89014041641945
2.88541738042458
2.88068654133662
2.87594789987844
2.87120145659608
2.86644721185489
2.86168516583559
2.85691531853028
2.85213766973843
2.84735221906271
2.84255896590486
2.83775790946142
2.83294904871941
2.82813238245193
2.82330790921375
2.81847562733671
2.81363553492518
2.80878762985133
2.80393190975039
2.7990683720158
2.79419701379434
2.78931783198104
2.78443082321418
2.77953598387008
2.77463331005787
2.7697227976141
2.76480444209736
2.75987823878273
2.75494418265615
2.75000226840873
2.74505249043093
2.7400948428066
2.73512931930706
2.7301559133849
2.72517461816778
2.72018542645211
2.71518833069662
2.71018332301576
2.70517039517307
2.70014953857438
2.6951207442609
2.6900840029022
2.68503930478907
2.67998663982618
2.67492599752475
2.66985736699497
2.66478073693827
2.65969609563962
2.65460343095944
2.64950273032559
2.64439398072506
2.63927716869563
2.63415228031722
2.62901930120326
2.62387821649177
2.61872901083632
2.61357166839683
2.60840617283018
2.60323250728065
2.5980506543702
2.59286059618849
2.58766231428285
2.5824557896479
2.57724100271509
2.57201793334197
2.56678656080131
2.56154686376995
2.55629882031745
2.55104240789459
2.54577760332152
2.54050438277576
2.53522272177996
2.5299325951894
2.5246339771792
2.51932684123139
2.51401116012157
2.50868690590546
2.503354049905
2.49801256269436
2.49266241408549
2.4873035731135
2.48193600802168
2.47655968624622
2.47117457440059
2.46578063825966
2.46037784274343
2.4549661519004
2.44954552889068
2.44411593596866
2.43867733446531
2.43322968477017
2.42777294631286
2.4223070775443
2.41683203591741
2.41134777786746
2.40585425879197
2.4003514330302
2.39483925384209
2.38931767338686
2.38378664270105
2.37824611167608
2.37269602903534
2.36713634231071
2.36156699781857
2.35598794063531
2.35039911457219
2.34480046214966
2.33919192457113
2.33357344169604
2.3279449520124
2.32230639260857
2.3166576991445
2.31099880582217
2.30532964535541
2.29965014893895
2.29396024621674
2.28825986524949
2.28254893248145
2.27682737270633
2.27109510903241
2.26535206284681
2.25959815377881
2.25383329966231
2.24805741649729
2.24227041841038
2.23647221761435
2.23066272436656
2.22484184692643
2.21900949151174
2.21316556225378
2.2073099611514
2.20144258802379
2.19556334046205
2.18967211377944
2.18376880096034
2.17785329260782
2.17192547688978
2.16598523948365
2.16003246351955
2.15406702952195
2.14808881534962
2.14209769613398
2.13609354421573
2.13007622907965
2.12404561728755
2.1180015724094
2.11194395495235
2.10587262228785
2.09978742857648
2.09368822469078
2.08757485813563
2.08144717296643
2.07530500970471
2.06914820525132
2.06297659279695
2.05679000172992
2.05058825754119
2.04437118172645
2.03813859168514
2.03189030061636
2.02562611741151
2.01934584654353
2.01304928795263
2.00673623692832
2.00040648398774
1.99405981474991
1.98769600980597
1.98131484458508
1.97491608921597
1.96849950838375
1.96206486118196
1.95561190095965
1.94914037516318
1.94265002517259
1.93614058613236
1.92961178677617
1.92306334924561
1.91649498890237
1.90990641413381
1.90329732615145
1.89666741878229
1.8900163782523
1.88334388296219
1.87664960325464
1.86993320117293
1.86319433021048
1.8564326350508
1.84964775129751
1.84283930519394
1.83600691333172
1.82915018234804
1.82226870861081
1.81536207789122
1.8084298650232
1.80147163354887
1.79448693534961
1.78747531026166
1.78043628567583
1.7733693761202
1.76627408282513
1.75914989326957
1.75199628070768
1.74481270367474
1.73759860547126
1.73035341362404
1.72307653932295
1.71576737683212
1.70842530287406
1.70104967598519
1.69363983584123
1.68619510255053
1.67871477591373
1.67119813464748
1.66364443557038
1.65605291274864
1.64842277659911
1.64075321294706
1.63304338203594
1.62529241748597
1.61749942519847
1.60966348220238
1.60178363543918
1.5938589004822
1.58588826018601
1.57787066326106
1.56980502276858
1.5616902145302
1.5535250754464
1.54530840171715
1.5370389469581
1.52871542020427
1.52033648379343
1.51190075111992
1.50340678424918
1.49485309138249
1.48623812416003
1.47756027478988
1.46881787298869
1.46000918271918
1.45113239870742
1.44218564272178
1.43316695959331
1.42407431295527
1.41490558067741
1.40565854996786
1.39633091211275
1.38692025682034
1.37742406613289
1.3678397078653
1.35816442852507
1.34839534566257
1.33852943959502
1.32856354444037
1.31849433838994
1.30831833313933
1.29803186238742
1.28763106930128
1.27711189283149
1.26647005274686
1.25570103323944
1.24480006492996
1.23376210507952
1.22258181578464
1.2112535398998
1.19977127439222
1.18812864078705
1.17631885230686
1.16433467724325
1.15216839802095
1.13981176532091
1.12725594651595
1.11449146753609
1.10150814711421
1.08829502215924
1.07484026275385
1.06113107496369
1.0471535892597
1.03289273187137
1.01833207577893
1.00345366727563
0.98823782264824
8.40762084615206e-05
0.000261227079086649
0.000429448999333632
0.000606594064075473
0.000774958349427348
0.00095205425153098
0.00112062239173493
0.00129762562491784
0.00146645119555218
0.00164332214665023
0.00181245051172343
0.00198915566082872
0.00215862333262599
0.00233513661119698
0.00250497080309316
0.00268127432084469
0.00285149285208977
0.00302757707838917
0.00319818866847746
0.00337405213883956
0.00354505706825172
0.0037207056960141
0.00389209677338761
0.00406754285875992
0.00423930661275254
0.00441456764881479
0.00458668565302252
0.00476178302849001
0.0049342332679317
0.00510919095949057
0.005281949155487
0.00545679248938583
0.00562983331397054
0.0058045878591763
0.00597788598813016
0.00615257662384305
0.00632610759674181
0.00650075777747749
0.00667449865174522
0.00684912987529123
0.00702305967756365
0.00719769114619279
0.00737179113724827
0.00754643959138289
0.00772069336997961
0.00789537306628652
0.00806976654243557
0.0082444893448844
0.00841901061476681
0.00859378616697112
0.00876842532051843
0.00894326126996405
0.00911801015884687
0.00929291240759078
0.00946776439679652
0.00964273735811883
0.00981768707917286
0.0099927339248183
0.0101677770436031
0.010342899931145
0.0105180329386296
0.0106932332127785
0.010868453243051
0.0110437316082247
0.0112190362851437
0.0113943929492511
0.0115697802608058
0.0117452150520196
0.0119206832500294
0.0120961957094313
0.0122717432314076
0.0124473326849263
0.012622958094608
0.0127986237077789
0.0129743256509036
0.0131500664697961
0.0133258436419472
0.0135016586232492
0.0136775097470239
0.0138533977798339
0.014029321589031
0.0142052815104501
0.0143812767394207
0.0145573073456066
0.0147333727223173
0.014909472776283
0.0150856070179901
0.0152617752551085
0.0154379770658295
0.0156142121977491
0.0157904802669407
0.0159667809844185
0.0161431139864491
0.0163194789614529
0.0164958755555816
0.0166723034429065
0.0168487622735762
0.0170252517121378
0.017201771409456
0.0173783210233703
0.0175549002036941
0.0177315086032136
0.0179081458697888
0.0180848116521418
0.0182615055957627
0.0184382273459241
0.018614976545597
0.0187917528370092
0.0189685558606076
0.0191453852558629
0.019322240660769
0.0194991217122621
0.0196760280459919
0.0198529592965461
0.020029915097357
0.0202068950808284
0.0203838988783092
0.0205609261201712
0.020737976435815
0.0209150494537239
0.0210921448014846
0.0212692621058292
0.0214464009926626
0.0216235610870982
0.0218007420134879
0.0219779433954554
0.0221551648559258
0.0223324060171575
0.0225096665007724
0.0226869459277856
0.0228642439186355
0.0230415600932128
0.02321889407089
0.0233962454705495
0.0235736139106125
0.0237509990090668
0.0239284003834943
0.024105817651099
0.0242832504287337
0.0244606983329273
0.0246381609799109
0.0248156379856446
0.0249931289658434
0.0251706335360031
0.0253481513114258
0.0255256819072452
0.0257032249384521
0.0258807800199187
0.0260583467664238
0.026235924792677
0.0264135137133428
0.0265911131430649
0.0267687226964899
0.0269463419882908
0.0271239706331908
0.027301608245986
0.0274792544415689
0.027656908834951
0.0278345710412857
0.0280122406758906
0.02818991735427
0.0283676006921371
0.0285452903054356
0.0287229858103621
0.0289006868233877
0.029078392961279
0.0292561038411202
0.0294338190803338
0.0296115382967019
0.0297892611083872
0.0299669871339535
0.0301447159923866
0.0303224473031151
0.0305001806860298
0.0306779157615053
0.0308556521504189
0.0310333894741712
0.031211127354706
0.0313888654145298
0.0315666032767314
0.0317443405650018
0.0319220769036529
0.0320998119176372
0.0322775452325671
0.0324552764747334
0.0326330052711245
0.0328107312494454
0.032988454038136
0.0331661732663898
0.0333438885641724
0.0335215995622401
0.0336993058921577
0.033877007186317
0.0340547030779547
0.0342323932011704
0.0344100771909445
0.0345877546831557
0.0347654253145991
0.0349430887230033
0.0351207445470481
0.0352983924263819
0.0354760320016387
0.0356536629144558
0.03583128480749
0.0360088973244357
0.0361865001100409
0.0363640928101243
0.0365416750715921
0.0367192465424548
0.0368968068718431
0.037074355710025
0.0372518927084221
0.0374294175196252
0.0376069297974115
0.0377844291967599
0.0379619153738674
0.0381393879861651
0.0383168466923335
0.0384942911523192
0.0386717210273496
0.0388491359799493
0.0390265356739551
0.0392039197745317
0.0393812879481869
0.0395586398627871
0.0397359751875723
0.0399132935931713
0.0400905947516166
0.0402678783363596
0.0404451440222855
0.0406223914857276
0.0407996204044826
0.0409768304578252
0.0411540213265221
0.0413311926928473
0.0415083442405959
0.0416854756550985
0.041862586623236
0.0420396768334532
0.0422167459757729
0.0423937937418103
0.0425708198247871
0.0427478239195444
0.0429248057225579
0.0431017649319504
0.0432787012475062
0.0434556143706844
0.0436325040046325
0.0438093698541999
0.0439862116259508
0.0441630290281783
0.0443398217709169
0.044516589565956
0.0446933321268528
0.0448700491689454
0.0450467404093656
0.0452234055670521
0.0454000443627628
0.0455766565190876
0.0457532417604614
0.0459297998131762
0.046106330405394
0.0462828332671586
0.0464593081304089
0.04663575472899
0.0468121727986666
0.0469885620771339
0.0471649223040309
0.0473412532209514
0.0475175545714562
0.0476938261010854
0.0478700675573694
0.0480462786898412
0.0482224592500477
0.0483986089915615
0.0485747276699921
0.0487508150429975
0.0489268708702955
0.0491028949136751
0.0492788869370075
0.0494548467062571
0.0496307739894932
0.0498066685569002
0.0499825301807891
0.0501583586356079
0.050334153697953
0.050509915146579
0.0506856427624104
0.0508613363285512
0.0510369956302962
0.0512126204551408
0.0513882105927918
0.0515637658351774
0.0517392859764576
0.0519147708130344
0.0520902201435615
0.052265633768955
0.0524410114924027
0.0526163531193741
0.0527916584576308
0.0529669273172351
0.053142159510561
0.0533173548523028
0.053492513159485
0.0536676342514719
0.0538427179499765
0.0540177640790707
0.0541927724651935
0.054367742937161
0.0545426753261753
0.0547175694658334
0.0548924251921362
0.0550672423434977
0.0552420207607536
0.0554167602871702
0.0555914607684528
0.0557661220527551
0.0559407439906869
0.0561153264353231
0.0562898692422123
0.0564643722693848
0.056638835377361
0.0568132584291598
0.0569876412903068
0.0571619838288421
0.0573362859153288
0.0575105474228607
0.0576847682270702
0.0578589482061363
0.0580330872407923
0.0582071852143335
0.058381242012625
0.0585552575241091
0.0587292316398129
0.0589031642533559
0.0590770552609571
0.0592509045614427
0.0594247120562529
0.0595984776494496
0.0597722012477232
0.0599458827603998
0.0601195220994482
0.0602931191794868
0.0604666739177906
0.0606401862342978
0.0608136560516167
0.0609870832950327
0.0611604678925141
0.0613338097747196
0.0615071088750041
0.0616803651294256
0.0618535784767513
0.0620267488584641
0.0621998762187687
0.0623729605045979
0.0625460016656188
0.0627189996542385
0.0628919544256105
0.0630648659376408
0.0632377341509931
0.0634105590290953
0.0635833405381449
0.0637560786471149
0.0639287733277592
0.0641014245546185
0.0642740323050257
0.0644465965591113
0.0646191172998087
0.06479159451286
0.0649640281868207
0.0651364183130654
0.065308764885793
0.0654810679020311
0.0656533273616421
0.0658255432673275
0.065997715624633
0.0661698444419534
0.0663419297305376
0.0665139715044931
0.066685969780791
0.0668579245792704
0.067029835922643
0.0672017038364982
0.0673735283493068
0.0675453094924259
0.0677170473001033
0.0678887418094818
0.0680603930606032
0.0682320010964129
0.0684035659627641
0.0685750877084213
0.0687465663850653
0.0689180020472965
0.0690893947526389
0.0692607445615446
0.0694320515373971
0.0696033157465151
0.0697745372581566
0.0699457161445225
0.0701168524807601
0.0702879463449665
0.0704589978181931
0.0706300069844478
0.0708009739306995
0.0709718987468809
0.0711427815258922
0.0713136223636043
0.0714844213588619
0.071655178613487
0.0718258942322817
0.0719965683230319
0.0721672009965098
0.0723377923664769
0.0725083425496878
0.072678851665892
0.0728493198378377
0.073019747191274
0.0731901338549544
0.0733604799606387
0.0735307856430964
0.0737010510401091
0.0738712762924729
0.0740414615440018
0.074211606941529
0.0743817126349105
0.074551778777027
0.0747218055237863
0.0748917930341259
0.0750617414700153
0.0752316509964581
0.0754015217814944
0.0755713539962031
0.0757411478147038
0.075910903414159
0.0760806209747766
0.0762503006798113
0.0764199427155671
0.0765895472713991
0.0767591145397156
0.0769286447159797
0.0770981379987113
0.0772675945894893
0.0774370146929526
0.0776063985168029
0.0777757462718053
0.0779450581717911
0.0781143344336585
0.0782835752773748
0.078452780925978
0.078621951605578
0.0787910875453584
0.0789601889775779
0.0791292561375719
0.0792982892637538
0.0794672885976163
0.0796362543837329
0.0798051868697595
0.0799740863064353
0.0801429529475841
0.0803117870501159
0.0804805888740279
0.0806493586824056
0.0808180967414242
0.0809868033203497
0.0811554786915398
0.0813241231304453
0.0814927369156108
0.0816613203286762
0.0818298736543773
0.0819983971805472
0.0821668911981167
0.0823353560011158
0.0825037918866743
0.0826721991550228
0.0828405781094937
0.0830089290565218
0.0831772523056453
0.0833455481695064
0.0835138169638524
0.0836820590075365
0.0838502746225181
0.0840184641338639
0.0841866278697486
0.0843547661614553
0.0845228793433766
0.0846909677530151
0.0848590317309837
0.0850270716210069
0.0851950877699207
0.0853630805276736
0.0855310502473272
0.0856989972850567
0.0858669220001511
0.0860348247550145
0.0862027059151657
0.0863705658492396
0.086538404928987
0.0867062235292753
0.0868740220280894
0.0870418008065314
0.0872095602488216
0.0873773007422987
0.0875450226774205
0.0877127264477639
0.0878804124500258
0.0880480810840229
0.0882157327526927
0.0883833678620935
0.0885509868214052
0.0887185900429289
0.0888861779420881
0.0890537509374286
0.0892213094506191
0.0893888539064511
0.08955638473284
0.0897239023608247
0.0898914072245685
0.0900588997613588
0.0902263804116083
0.0903938496188547
0.090561307829761
0.0907287554941162
0.0908961930648356
0.0910636209979607
0.09123103975266
0.0913984497912291
0.0915658515790911
0.0917332455847969
0.0919006322800255
0.0920680121395847
0.0922353856414107
0.0924027532665691
0.0925701154992552
0.0927374728267939
0.0929048257396404
0.0930721747313807
0.0932395202987317
0.0934068629415417
0.0935742031627905
0.0937415414685904
0.0939088783681861
0.0940762143739551
0.0942435500014086
0.0944108857691914
0.0945782221990825
0.0947455598159956
0.0949128991479797
0.0950802407262191
0.0952475850850346
0.0954149327618832
0.0955822842973592
0.0957496402351944
0.0959170011222588
0.0960843675085611
0.0962517399472493
0.0964191189946109
0.0965865052100742
0.0967538991562083
0.096921301398724
0.0970887125064743
0.0972561330514554
0.0974235636088066
0.0975910047568121
0.0977584570769006
0.097925921153647
0.0980933975747722
0.0982608869311449
0.0984283898167814
0.0985959068288471
0.0987634385676571
0.0989309856366769
0.0990985486425238
0.0992661281949671
0.0994337249069295
0.0996013393944878
0.0997689722768742
0.0999366241764769
0.100104295718842
0.100271987532672
0.10043970024983
0.100607434505341
0.10077519093739
0.100942970187323
0.101110772899654
0.101278599722058
0.101446451305379
0.101614328303628
0.101782231373985
0.1019501611768
0.102118118375595
0.102286103637064
0.102454117631078
0.10262216103068
0.102790234512094
0.102958338754722
0.103126474441146
0.103294642257129
0.103462842891621
0.103631077036754
0.10379934538785
0.103967648643416
0.104135987505155
0.104304362677957
0.10447277486991
0.104641224792297
0.104809713159599
0.104978240689497
0.105146808102874
0.105315416123818
0.105484065479622
0.105652756900787
0.105821491121027
0.105990268877266
0.106159090909645
0.10632795796152
0.106496870779469
0.10666583011329
0.106834836716007
0.10700389134387
0.107172994756357
0.107342147716182
0.107511350989289
0.107680605344863
0.107849911555325
0.108019270396343
0.108188682646827
0.108358149088936
0.108527670508083
0.108697247692931
0.108866881435403
0.10903657253068
0.10920632177721
0.109376129976703
0.109545997934141
0.109715926457779
0.109885916359148
0.110055968453057
0.1102260835576
0.110396262494158
0.110566506087398
0.110736815165284
0.110907190559078
0.111077633103339
0.111248143635934
0.111418722998036
0.111589372034132
0.111760091592024
0.111930882522836
0.112101745681013
0.112272681924332
0.112443692113899
0.112614777114158
0.112785937792896
0.112957175021241
0.113128489673674
0.113299882628029
0.1134713547655
0.11364290697064
0.113814540131376
0.113986255139002
0.114158052888194
0.114329934277006
0.114501900206882
0.114673951582657
0.114846089312564
0.115018314308238
0.11519062748472
0.115363029760466
0.115535522057348
0.115708105300662
0.115880780419135
0.116053548344925
0.116226410013632
0.116399366364301
0.116572418339429
0.116745566884969
0.11691881295034
0.117092157488426
0.117265601455588
0.11743914581167
0.117612791520001
0.117786539547404
0.117960390864202
0.118134346444225
0.118308407264816
0.118482574306837
0.118656848554676
0.118831230996253
0.11900572262303
0.119180324430013
0.119355037415763
0.119529862582401
0.119704800935615
0.119879853484669
0.120055021242407
0.120230305225265
0.120405706453275
0.120581225950072
0.120756864742905
0.120932623862642
0.121108504343779
0.121284507224445
0.121460633546417
0.121636884355118
0.121813260699635
0.121989763632721
0.122166394210804
0.122343153493998
0.12252004254611
0.122697062434647
0.122874214230829
0.123051499009591
0.123228917849599
0.123406471833255
0.123584162046707
0.123761989579856
0.123939955526369
0.124118060983687
0.124296307053032
0.12447469483942
0.124653225451668
0.124831900002405
0.12501071960808
0.125189685388978
0.125368798469219
0.125548059976779
0.125727471043494
0.125907032805073
0.126086746401106
0.126266612975076
0.12644663367437
0.126626809650289
0.126807142058059
0.126987632056843
0.127168280809747
0.12734908948384
0.127530059250156
0.127711191283712
0.127892486763516
0.12807394687258
0.12825557279793
0.128437365730621
0.128619326865745
0.128801457402444
0.128983758543926
0.129166231497471
0.129348877474447
0.129531697690324
0.12971469336468
0.129897865721223
0.130081215987794
0.130264745396388
0.130448455183162
0.13063234658845
0.130816420856775
0.131000679236866
0.131185122981667
0.13136975334835
0.131554571598336
0.1317395789973
0.131924776815189
0.132110166326239
0.132295748808982
0.132481525546267
0.132667497825271
0.132853666937515
0.133040034178876
0.133226600849607
0.133413368254346
0.133600337702135
0.133787510506434
0.133974887985138
0.134162471460587
0.134350262259589
0.13453826171343
0.134726471157894
0.134914891933274
0.135103525384395
0.135292372860622
0.135481435715883
0.135670715308684
0.135860213002124
0.136049930163912
0.136239868166385
0.136430028386525
0.136620412205975
0.136811021011059
0.137001856192795
0.137192919146919
0.137384211273895
0.13757573397894
0.137767488672037
0.137959476767958
0.138151699686277
0.138344158851392
0.138536855692543
0.138729791643831
0.138922968144236
0.139116386637635
0.139310048572827
0.139503955403545
0.139698108588479
0.139892509591297
0.140087159880662
0.140282060930254
0.14047721421879
0.140672621230044
0.140868283452867
0.141064202381207
0.141260379514134
0.141456816355853
0.141653514415736
0.141850475208332
0.142047700253397
0.142245191075911
0.142442949206102
0.142640976179466
0.142839273536791
0.14303784282418
0.143236685593069
0.143435803400255
0.143635197807916
0.143834870383635
0.144034822700421
0.144235056336735
0.144435572876514
0.14463637390919
0.144837461029721
0.145038835838608
0.145240499941923
0.145442454951334
0.145644702484127
0.145847244163233
0.146050081617252
0.146253216480479
0.146456650392926
0.146660385000354
0.146864421954292
0.147068762912066
0.147273409536827
0.147478363497574
0.147683626469179
0.147889200132422
0.148095086174006
0.148301286286596
0.148507802168837
0.148714635525387
0.148921788066941
0.149129261510262
0.149337057578208
0.149545177999759
0.149753624510048
0.149962398850386
0.150171502768297
0.150380938017539
0.150590706358142
0.150800809556429
0.151011249385054
0.151222027623026
0.151433146055741
0.151644606475014
0.151856410679108
0.152068560472765
0.152281057667237
0.152493904080319
0.152707101536378
0.152920651866386
0.153134556907955
0.153348818505361
0.153563438509586
0.153778418778346
0.153993761176123
0.1542094675742
0.154425539850696
0.154641979890594
0.154858789585783
0.155075970835084
0.155293525544292
0.155511455626203
0.155729763000655
0.155948449594562
0.156167517341944
0.156386968183973
0.156606804068997
0.156827026952587
0.157047638797564
0.157268641574045
0.15749003725947
0.157711827838648
0.15793401530379
0.158156601654547
0.158379588898049
0.158602979048942
0.15882677412943
0.159050976169307
0.159275587206005
0.159500609284627
0.159726044457986
0.159951894786652
0.160178162338985
0.160404849191179
0.160631957427301
0.160859489139335
0.161087446427221
0.161315831398896
0.16154464617034
0.161773892865614
0.162003573616904
0.162233690564565
0.162464245857164
0.162695241651521
0.162926680112758
0.163158563414336
0.163390893738107
0.163623673274353
0.163856904221835
0.164090588787835
0.164324729188206
0.164559327647414
0.164794386398587
0.165029907683558
0.16526589375292
0.165502346866064
0.165739269291234
0.16597666330557
0.166214531195161
0.166452875255088
0.166691697789482
0.166931001111563
0.167170787543698
0.167411059417447
0.167651819073615
0.167893068862304
0.168134811142961
0.168377048284434
0.168619782665021
0.168863016672521
0.169106752704293
0.169350993167302
0.169595740478179
0.169840997063268
0.170086765358686
0.170333047810378
0.170579846874166
0.170827165015811
0.171075004711066
0.171323368445733
0.171572258715719
0.171821678027094
0.17207162889615
0.172322113849454
0.172573135423912
0.172824696166825
0.17307679863595
0.173329445399556
0.17358263903649
0.173836382136231
0.174090677298956
0.174345527135601
0.174600934267919
0.174856901328547
0.175113430961067
0.175370525820067
0.175628188571209
0.175886421891292
0.176145228468312
0.176404611001536
0.176664572201558
0.176925114790374
0.177186241501441
0.177447955079749
0.177710258281888
0.177973153876115
0.178236644642421
0.178500733372603
0.178765422870335
0.179030715951232
0.179296615442927
0.179563124185138
0.179830245029745
0.180097980840853
0.180366334494876
0.180635308880601
0.180904906899268
0.181175131464641
0.181445985503085
0.181717471953641
0.1819895937681
0.182262353911084
0.182535755360121
0.18280980110572
0.183084494151456
0.183359837514044
0.183635834223418
0.183912487322816
0.184189799868857
0.184467774931625
0.184746415594748
0.185025724955484
0.185305706124802
0.185586362227467
0.185867696402125
0.186149711801387
0.186432411591918
0.186715798954519
0.186999877084218
0.187284649190356
0.187570118496677
0.187856288241417
0.188143161677392
0.188430742072091
0.188719032707768
0.189008036881532
0.189297757905439
0.189588199106591
0.189879363827223
0.190171255424803
0.190463877272127
0.190757232757414
0.191051325284405
0.191346158272458
0.191641735156651
0.191938059387879
0.192235134432956
0.192532963774714
0.192831550912106
0.193130899360309
0.193431012650829
0.193731894331601
0.194033547967101
0.194335977138444
0.1946391854435
0.194943176496992
0.195247953930615
0.195553521393136
0.195859882550511
0.196167041085994
0.196475000700247
0.19678376511146
0.197093338055455
0.19740372328581
0.197714924573971
0.198026945709368
0.198339790499535
0.198653462770227
0.198967966365542
0.199283305148038
0.199599482998859
0.199916503817854
0.200234371523705
0.200553090054047
0.200872663365597
0.201193095434279
0.201514390255354
0.201836551843547
0.202159584233178
0.202483491478293
0.202808277652795
0.203133946850581
0.203460503185672
0.20378795079235
0.204116293825298
0.204445536459733
0.204775682891547
0.205106737337448
0.205438704035103
0.205771587243276
0.206105391241974
0.206440120332596
0.206775778838073
0.207112371103019
0.207449901493879
0.207788374399082
0.208127794229187
0.208468165417041
0.20880949241793
0.209151779709734
0.209495031793088
0.209839253191535
0.21018444845169
0.210530622143395
0.210877778859891
0.21122592321797
0.21157505985815
0.211925193444837
0.212276328666495
0.212628470235812
0.212981622889879
0.213335791390352
0.213690980523637
0.214047195101059
0.21440443995904
0.214762719959282
0.215122039988942
0.215482404960821
0.215843819813542
0.216206289511737
0.216569819046237
0.216934413434258
0.217300077719595
0.217666816972808
0.218034636291424
0.21840354080013
0.218773535650969
0.219144626023542
0.219516817125207
0.219890114191287
0.220264522485271
0.220640047299023
0.22101669395299
0.221394467796416
0.221773374207551
0.22215341859387
0.222534606392289
0.222916943069382
0.223300434121605
0.223685085075519
0.224070901488014
0.224457888946539
0.22484605306933
0.225235399505643
0.22562593393599
0.226017662072371
0.226410589658517
0.226804722470132
0.227200066315132
0.227596627033895
0.227994410499508
0.228393422618018
0.228793669328685
0.229195156604239
0.229597890451136
0.23000187690982
0.230407122054989
0.230813631995856
0.231221412876424
0.231630470875751
0.23204081220823
0.23245244312386
0.232865369908533
0.233279598884309
0.233695136409709
0.234111988879995
0.23453016272747
0.234949664421765
0.235370500470141
0.235792677417788
0.236216201848127
0.236641080383118
0.237067319683571
0.237494926449456
0.237923907420222
0.238354269375116
0.238786019133503
0.239219163555198
0.23965370954079
0.240089664031978
0.240527034011909
0.240965826505516
0.241406048579863
0.241847707344491
0.242290809951775
0.24273536359727
0.243181375520079
0.24362885300321
0.244077803373945
0.244528234004211
0.244980152310955
0.24543356575652
0.245888481849032
0.246344908142785
0.246802852238634
0.24726232178439
0.247723324475219
0.248185868054049
0.248649960311978
0.249115609088689
0.249582822272864
0.250051607802616
0.250521973665906
0.250993927900986
0.251467478596828
0.251942633893573
0.252419401982974
0.252897791108854
0.253377809567558
0.253859465708421
0.254342767934234
0.254827724701719
0.255314344522008
0.255802635961129
0.256292607640497
0.256784268237408
0.257277626485543
0.257772691175479
0.258269471155198
0.258767975330611
0.259268212666083
0.259770192184967
0.260273922970143
0.260779414164562
0.261286674971799
0.261795714656615
0.262306542545517
0.262819168027335
0.2633336005538
0.26384984964013
0.264367924865624
0.264887835874264
0.265409592375323
0.26593320414398
0.266458681021944
0.266986032918086
0.267515269809078
0.26804640174004
0.268579438825197
0.269114391248538
0.269651269264493
0.270190083198612
0.270730843448252
0.271273560483278
0.271818244846767
0.272364907155729
0.272913558101823
0.273464208452102
0.274016869049749
0.274571550814835
0.275128264745081
0.275687021916632
0.276247833484839
0.276810710685055
0.277375664833439
0.277942707327769
0.278511849648272
0.279083103358456
0.279656480105962
0.280231991623419
0.280809649729321
0.281389466328906
0.281971453415048
0.28255562306917
0.283141987462159
0.2837305588553
0.284321349601216
0.284914372144833
0.285509639024344
0.286107162872195
0.286706956416086
0.287309032479977
0.28791340398512
0.288520083951094
0.289129085496864
0.289740421841846
0.290354106306998
0.290970152315914
0.291588573395946
0.292209383179331
0.292832595404341
0.293458223916451
0.294086282669513
0.294716785726962
0.29534974726303
0.295985181563976
0.296623103029345
0.297263526173231
0.29790646562557
0.298551936133449
0.29919995256243
0.2998505298979
0.300503683246437
0.301159427837196
0.301817779023323
0.302478752283381
0.303142363222799
0.303808627575351
0.304477561204651
0.305149180105667
0.30582350040627
0.306500538368793
0.307180310391628
0.307862833010835
0.308548122901785
0.309236196880823
0.309927071906963
0.310620765083602
0.311317293660267
0.312016675034389
0.3127189267531
0.313424066515065
0.314132112172343
0.314843081732269
0.315556993359378
0.316273865377355
0.316993716271012
0.317716564688307
0.318442429442384
0.31917132951366
0.319903284051934
0.320638312378537
0.321376433988519
0.322117668552865
0.322862035920755
0.323609556121863
0.324360249368682
0.325114136058907
0.325871236777842
0.326631572300854
0.327395163595872
0.328162031825925
0.328932198351719
0.32970568473427
0.330482512737572
0.331262704331315
0.332046281693649
0.332833267213999
0.333623683495928
0.334417553360046
0.335214899846978
0.336015746220379
0.336820115970001
0.337628032814823
0.338439520706227
0.339254603831238
0.340073306615818
0.340895653728222
0.341721670082415
0.34255138084155
0.343384811421508
0.344221987494507
0.345062934992776
0.345907680112293
0.346756249316598
0.347608669340672
0.348464967194893
0.349325170169064
0.350189305836513
0.351057402058279
0.35192948698737
0.352805589073103
0.35368573706553
0.354569960019949
0.355458287301496
0.356350748589832
0.357247373883918
0.358148193506883
0.359053238110987
0.359962538682684
0.360876126547778
0.361794033376691
0.362716291189823
0.36364293236303
0.364573989633207
0.365509496103979
0.366449485251514
0.367393990930446
0.368343047379927
0.369296689229794
0.370254951506865
0.371217869641367
0.372185479473492
0.373157817260091
0.374134919681509
0.375116823848557
0.376103567309636
0.377095188058008
0.378091724539218
0.379093215658677
0.380099700789408
0.381111219779947
0.382127812962431
0.383149521160841
0.384176385699437
0.385208448411369
0.38624575164748
0.387288338285298
0.388336251738226
0.389389535964939
0.390448235478983
0.391512395358591
0.392582061256718
0.393657279411301
0.394738096655749
0.395824560429671
0.396916718789849
0.398014620421459
0.399118314649546
0.400227851450774
0.401343281465434
0.40246465600974
0.403592027088404
0.404725447407516
0.405864970387711
0.407010650177664
0.408162541667888
0.409320700504876
0.410485183105569
0.411656046672177
0.412833349207358
0.41401714952976
0.41520750728995
0.416404482986717
0.417608137983795
0.418818534526983
0.420035735761691
0.421259805750934
0.422490809493757
0.423728812944144
0.424973883030381
0.426226087674933
0.427485495814805
0.428752177422444
0.430026203527157
0.431307646237104
0.432596578761842
0.433893075435468
0.435197211740365
0.43650906433157
0.437828711061789
0.439156231007073
0.440491704493187
0.441835213122673
0.443186839802655
0.444546668773389
0.445914785637589
0.447291277390564
0.448676232451171
0.450069740693632
0.451471893480226
0.452882783694902
0.454302505777826
0.455731155760905
0.457168831304314
0.458615631734072
0.460071658080677
0.461537013118865
0.463011801408515
0.464496129336739
0.465990105161204
0.467493839054727
0.469007443151186
0.470531031592789
0.472064720578759
0.473608628415479
0.475162875568144
0.476727584713985
0.47830288079711
0.479888891085037
0.481485745226953
0.483093575313795
0.484712515940194
0.486342704268364
0.487984280094006
0.489637385914302
0.491302166998069
0.49297877145818
0.4946673503263
0.496368057630065
0.498081050472768
0.499806489115665
0.501544537063003
0.503295361149865
0.505059131632955
0.506836022284436
0.508626210488943
0.510429877343891
0.51224720776323
0.514078390584762
0.515923618681189
0.517783089075032
0.519657003057582
0.521545566312059
0.523448989041148
0.525367486099099
0.527301277128588
0.52925058670254
0.531215644471125
0.53319668531416
0.535193949499143
0.537207682845172
0.53923813689301
0.541285569081572
0.543350242931108
0.545432428233405
0.547532401249314
0.54965044491394
0.551786849049853
0.553941910588684
0.556115933801508
0.558309230538426
0.560522120477771
0.56275493138542
0.565007999384682
0.567281669237281
0.569576294635976
0.571892238509393
0.574229873339681
0.576589581493614
0.578971755567845
0.581376798749008
0.58380512518945
0.586257160399372
0.588733341656265
0.591234118432529
0.593759952842237
0.596311320108082
0.598888709049568
0.60149262259362
0.60412357830883
0.606782108964639
0.609468763116847
0.612184105720937
0.614928718774765
0.617703201992323
0.620508173510344
0.623344270629661
0.626212150593374
0.629112491403984
0.632045992681841
0.635013376567385
0.638015388669856
0.641052799065317
0.644126403347067
0.64723702373171
0.650385510224414
0.653572741847134
0.656799627933867
0.660067109497306
0.663376160671595
0.666727790236255
0.670123043226719
0.673563002637385
0.677048791223515
0.680581573408858
0.684162557306392
0.687792996860231
0.691474194117364
0.69520750163865
0.698994325059283
0.702836125809801
0.706734424009703
0.710690801546759
0.714706905356297
0.718784450916006
0.722925225973201
0.727131094523106
0.73140400105836
0.735745975111935
0.740159136117714
0.744645698615375
0.749207977828799
0.753848395650137
0.758569487064935
0.763373907057276
0.768264438037983
0.773243997843416
0.77831564835746
0.783482604815005
0.788748245851564
0.794116124370933
0.799589979310841
0.805173748395769
0.810871581976475
0.816687858067534
0.822627198707603
0.828694487782345
0.834894890467325
0.841233874468112
0.847717233257508
0.854351111536082
0.861142033172189
0.86809693191247
0.875223185193907
0.882528651435149
0.890021711238935
0.897711313000551
0.905607023491087
0.913719084070748
0.922058473289256
0.930636976750473
0.939467265260479
0.948562982447217
0.957938843241133
0.967610744847063
0.977595892127048
0.987912939662769
0.998582153189103
1.00962559360483
1.02106732739543
1.03293366807558
1.04525345421315
1.05805837078105
1.07138332206235
1.08526686619251
1.09975172377108
1.11488537596524
1.13072077135897
1.14731716575106
1.16474112554743
1.18306773385249
1.20238204913702
14.3407830366074
2.46547156189798e-26
